3
5
11
13
19
29
37
53
59
61
67
83
101
107
131
139
149
163
173
179
181
197
211
227
269
293
317
347
349
373
379
389
419
421
443
461
467
491
509
523
541
547
557
563
587
613
619
653
659
661
677
701
709
757
773
787
797
821
827
829
853
859
877
883
907
941
947
1019
1061
1091
1109
1117
1123
1171
1187
1213
1229
1237
1259
1277
1283
1291
1301
1307
1373
1381
1427
1451
1453
1483
1493
1499
1523
1531
1549
1571
1619
1621
1637
1667
1669
1693
1733
1741
1747
1787
1861
1867
1877
1901
1907
1931
1949
1973
1979
1987
1997
2027
2029
2053
2069
2083
2099
2131
2141
2213
2221
2237
2243
2267
2269
2293
2309
2333
2339
2357
2371
2389
2437
2459
2467
2477
2531
2539
2549
2557
2579
2621
2659
2677
2683
2693
2699
2707
2741
2789
2797
2803
2819
2837
2843
2851
2861
2909
2939
2957
2963
3011
3019
3037
3067
3083
3187
3203
3253
3299
3307
3323
3347
3371
3413
3461
3467
3469
3491
3499
3517
3533
3539
3547
3557
3571
3581
3613
3637
3643
3659
3677
3691
3701
3709
3733
3779
3797
3803
3851
3853
3877
3907
3917
3923
3931
3947
3989
4003
4013
4019
4021
4091
4093
4099
4133
4139
4157
4219
4229
4243
4253
4259
4261
4283
4349
4357
4363
4373
4397
4451
4483
4493
4507
4517
4547
4603
4621
4637
4691
4723
4787
4789
4813
4877
4933
4957
4973
4987
5003
5011
5051
5059
5077
5099
5107
5147
5171
5179
5189
5227
5261
5309
5333
5387
5443
5477
5483
5501
5507
5557
5563
5573
5651
5659
5683
5693
5701
5717
5741
5749
5779
5813
5827
5843
5851
5869
5923
5939
5987
6011
6029
6053
6067
6101
6131
6173
6197
6203
6211
6229
6269
6277
6299
6317
6323
6373
6379
6389
6397
6469
6491
6547
6619
6637
6653
6659
6691
6701
6709
6733
6763
6779
6781
6803
6827
6829
6869
6883
6899
6907
6917
6947
6949
6971
7013
7019
7027
7043
7069
7109
7187
7211
7219
7229
7237
7243
7253
7283
7307
7331
7349
7411
7451
7459
7477
7499
7507
7517
7523
7541
7547
7549
7573
7589
7603
7621
7643
7669
7691
7717
7757
7789
7829
7853
7877
7883
7901
7907
7933
7949
8053
8069
8093
8117
8123
8147
8171
8179
8219
8221
8237
8243
8269
8291
8293
8363
8387
8429
8443
8467
8539
8563
8573
8597
8627
8669
8677
8693
8699
8731
8741
8747
8803
8819
8821
8837
8861
8867
8923
8933
8963
8971
9011
9029
9059
9173
9181
9203
9221
9227
9283
9293
9323
9341
9349
9371
9397
9419
9421
9437
9467
9491
9533
9539
9547
9587
9613
9619
9629
9643
9661
9677
9733
9749
9803
9851
9859
9883
9901
9907
9923
9941
9949
10037
10067
10069
10091
10093
10099
10133
10139
10141
10163
10181
10253
10259
10267
10301
10331
10357
10427
10459
10477
10499
10501
10589
10613
10667
10691
10709
10723
10733
10789
10837
10853
10859
10861
10867
10883
10891
10909
10949
10973
10979
10987
11003
11027
11069
11083
11093
11131
11171
11197
11213
11261
11317
11437
11443
11483
11549
11579
11587
11621
11677
11699
11717
11779
11789
11813
11821
11827
11867
11909
11933
11939
11981
11987
12011
12043
12107
12149
12157
12197
12203
12211
12227
12251
12253
12269
12277
12301
12323
12347
12373
12379
12413
12437
12491
12539
12547
12589
12611
12613
12619
12637
12653
12659
12739
12757
12763
12781
12821
12829
12899
12907
12917
12923
12941
12979
13037
13043
13109
13147
13163
13187
13229
13291
13331
13339
13397
13411
13451
13469
13477
13523
13613
13619
13627
13691
13709
13723
13757
13763
13829
13859
13877
13883
13901
13907
13931
13933
13997
14011
14051
14107
14173
14221
14243
14341
14387
14389
14411
14419
14461
14533
14549
14557
14621
14627
14629
14653
14669
14699
14717
14723
14741
14747
14771
14797
14813
14821
14827
14843
14851
14867
14869
14891
14923
14939
14947
14957
15013
15053
15061
15077
15083
15091
15101
15107
15131
15139
15149
15173
15187
15227
15259
15269
15299
15331
15349
15373
15413
15427
15443
15461
15581
15629
15661
15667
15683
15731
15739
15749
15773
15787
15797
15803
15859
15907
15923
15971
16067
16069
16139
16187
16189
16229
16253
16301
16333
16339
16349
16363
16381
16421
16427
16453
16477
16493
16547
16573
16603
16619
16651
16693
16747
16763
16787
16829
16843
16883
16901
16931
16963
16979
16981
17011
17021
17027
17053
17077
17093
17099
17123
17189
17203
17299
17317
17333
17387
17389
17443
17477
17483
17509
17573
17579
17597
17627
17669
17747
17749
17789
17827
17837
17851
17891
17909
17923
17939
17957
17981
17989
18013
18043
18059
18077
18149
18181
18229
18251
18269
18413
18427
18443
18461
18493
18587
18637
18701
18731
18749
18757
18773
18787
18859
18869
18899
18917
18947
18973
18979
19013
19037
19051
19069
19139
19141
19157
19163
19181
19219
19237
19259
19301
19333
19373
19379
19387
19403
19427
19469
19483
19501
19507
19541
19571
19597
19603
19661
19709
19717
19739
19763
19813
19853
19867
19891
19949
19963
19973
19979
19997
20029
20051
20107
20117
20123
20149
20173
20219
20261
20269
20323
20341
20357
20443
20477
20507
20509
20533
20549
20611
20627
20693
20717
20731
20749
20771
20773
20789
20899
20939
20963
20981
21011
21013
21019
21059
21067
21101
21107
21139
21157
21163
21179
21187
21211
21221
21227
21269
21317
21341
21347
21379
21397
21419
21467
21491
21493
21523
21557
21563
21587
21589
21611
21613
21661
21683
21701
21739
21773
21803
21821
21859
21893
22003
22013
22037
22067
22091
22109
22123
22133
22157
22171
22189
22229
22259
22277
22283
22307
22349
22397
22469
22483
22501
22531
22549
22613
22619
22621
22637
22643
22669
22691
22709
22717
22739
22787
22853
22859
22861
22877
22901
22973
23003
23021
23027
23029
23053
23099
23117
23189
23197
23251
23333
23339
23357
23371
23459
23509
23531
23539
23549
23563
23603
23627
23629
23669
23741
23747
23789
23813
23819
23827
23869
23899
23909
23917
23957
24019
24029
24043
24077
24083
24107
24109
24179
24197
24203
24229
24317
24371
24379
24413
24419
24443
24499
24509
24533
24547
24659
24677
24683
24691
24709
24733
24749
24763
24781
24821
24851
24859
24907
24917
24923
24971
24979
24989
25013
25037
25147
25163
25189
25219
25229
25237
25243
25253
25307
25349
25357
25373
25453
25469
25523
25541
25579
25589
25603
25643
25667
25693
25717
25733
25747
25771
25867
25931
25933
25997
26003
26021
26053
26099
26107
26141
26171
26189
26237
26251
26261
26267
26309
26339
26357
26387
26459
26501
26539
26557
26573
26597
26627
26669
26683
26693
26699
26717
26723
26813
26821
26861
26947
26987
27011
27043
27059
27061
27067
27077
27091
27107
27179
27197
27253
27259
27299
27397
27437
27509
27539
27581
27611
27653
27701
27733
27773
27779
27803
27827
27851
27893
27901
27917
27941
27947
28019
28027
28051
28099
28109
28123
28163
28181
28211
28229
28277
28283
28307
28309
28349
28387
28411
28429
28477
28493
28499
28517
28541
28547
28549
28571
28573
28579
28597
28603
28619
28643
28661
28723
28771
28813
28837
28843
28859
28909
28933
28949
28979
29021
29027
29059
29077
29101
29123
29131
29147
29173
29221
29243
29251
29333
29339
29363
29387
29389
29411
29429
29437
29443
29453
29483
29501
29531
29573
29587
29669
29717
29723
29741
29789
29837
29851
29867
29917
29989
30011
30013
30029
30059
30109
30139
30181
30197
30203
30211
30253
30293
30307
30323
30341
30347
30389
30467
30469
30491
30509
30517
30539
30557
30637
30643
30661
30677
30707
30763
30781
30803
30829
30851
30853
30859
30869
30893
30931
30941
30971
31013
31019
31069
31091
31139
31147
31181
31253
31259
31267
31277
31307
31357
31379
31387
31397
31469
31517
31531
31547
31643
31667
31699
31859
31883
31891
31907
31957
31963
31973
32003
32027
32029
32059
32069
32077
32083
32099
32117
32141
32189
32203
32213
32237
32261
32309
32323
32341
32363
32371
32381
32411
32443
32467
32491
32507
32531
32533
32563
32573
32587
32603
32653
32693
32717
32749
32771
32789
32797
32843
32909
32917
32933
32939
32941
32987
33029
33037
33053
33083
33107
33149
33179
33203
33211
33301
33317
33347
33349
33413
33427
33469
33493
33533
33547
33563
33581
33589
33619
33629
33637
33739
33749
33757
33773
33827
33829
33851
33893
33923
33931
33941
33997
34019
34061
34123
34141
34157
34171
34211
34213
34253
34259
34261
34267
34283
34403
34421
34429
34483
34499
34549
34589
34603
34613
34651
34667
34747
34757
34763
34781
34819
34843
34877
34883
34939
34949
34963
34981
35027
35051
35053
35069
35083
35099
35107
35117
35141
35149
35171
35227
35267
35291
35339
35363
35419
35507
35509
35533
35573
35597
35603
35677
35731
35747
35797
35837
35851
35899
35923
35933
35963
36011
36013
36037
36061
36083
36107
36109
36131
36229
36251
36269
36277
36293
36299
36307
36341
36373
36467
36469
36493
36523
36563
36571
36587
36629
36653
36677
36683
36691
36709
36739
36749
36779
36781
36787
36821
36877
36899
36901
36923
36931
36947
36973
36997
37003
37013
37019
37061
37117
37139
37181
37189
37243
37253
37277
37307
37379
37397
37483
37493
37501
37517
37547
37549
37571
37579
37589
37619
37643
37693
37781
37813
37853
37861
37907
37957
37963
37997
38011
38069
38189
38197
38219
38237
38261
38299
38317
38333
38453
38459
38501
38557
38603
38629
38651
38653
38669
38693
38699
38707
38723
38747
38749
38821
38867
38891
38923
38933
38971
39019
39043
39107
39163
39227
39229
39251
39293
39317
39323
39341
39371
39397
39419
39443
39451
39461
39499
39541
39563
39581
39619
39659
39733
39749
39779
39821
39827
39869
39877
39901
39971
39989
40013
40037
40093
40123
40163
40189
40253
40277
40283
40387
40427
40459
40483
40493
40499
40507
40531
40597
40627
40637
40693
40699
40709
40739
40763
40787
40813
40829
40853
40867
40883
40933
40939
40949
40973
41011
41051
41077
41117
41141
41149
41189
41213
41221
41227
41243
41269
41299
41333
41341
41357
41387
41411
41443
41453
41507
41579
41597
41603
41611
41627
41651
41669
41771
41813
41843
41893
41941
41957
41981
42019
42083
42101
42131
42139
42157
42179
42197
42221
42227
42283
42293
42299
42323
42349
42379
42397
42403
42437
42443
42461
42491
42499
42509
42533
42557
42571
42589
42611
42643
42677
42683
42797
42821
42829
42853
42899
42923
42989
43013
43019
43037
43051
43067
43117
43133
43189
43237
43261
43283
43331
43397
43403
43427
43451
43499
43517
43541
43573
43579
43597
43613
43627
43651
43661
43669
43781
43787
43853
43933
43973
43987
43997
44021
44027
44053
44059
44123
44131
44171
44179
44189
44221
44267
44269
44293
44357
44371
44381
44389
44453
44483
44501
44507
44531
44533
44549
44579
44621
44651
44683
44699
44701
44741
44789
44797
44819
44867
44909
44939
44963
44987
45013
45053
45061
45077
45083
45131
45139
45181
45197
45293
45307
45317
45341
45389
45413
45491
45523
45533
45587
45589
45613
45659
45667
45677
45707
45757
45779
45821
45827
45869
45893
45949
45971
45979
45989
46021
46027
46061
46091
46093
46099
46133
46147
46181
46187
46229
46237
46261
46301
46307
46309
46349
46477
46499
46507
46549
46573
46589
46643
46691
46723
46747
46757
46771
46811
46819
46829
46853
46867
46877
46933
46997
47051
47059
47093
47123
47147
47149
47189
47237
47309
47339
47363
47381
47387
47389
47419
47459
47491
47507
47533
47563
47581
47659
47699
47701
47717
47819
47837
47843
47869
47933
47939
47947
47963
47981
48029
48109
48187
48197
48221
48259
48299
48371
48413
48437
48491
48533
48539
48541
48563
48571
48611
48619
48661
48677
48733
48757
48779
48787
48821
48859
48869
48883
48907
48947
48989
49019
49037
49043
49069
49109
49117
49123
49139
49157
49171
49211
49253
49261
49277
49307
49331
49333
49363
49411
49429
49499
49523
49547
49613
49667
49669
49739
49741
49757
49787
49843
49853
49877
49891
50021
50051
50053
50069
50077
50093
50101
50123
50131
50147
50227
50291
50333
50341
50363
50387
50411
50459
50539
50549
50581
50627
50651
50683
50723
50741
50789
50821
50867
50891
50893
50909
50923
50957
50971
50989
51043
51059
51061
51133
51197
51203
51229
51283
51341
51347
51413
51419
51421
51427
51437
51461
51539
51563
51581
51613
51659
51683
51749
51803
51827
51829
51869
51893
51899
51949
51971
51973
52021
52027
52051
52067
52069
52147
52163
52253
52259
52267
52301
52379
52387
52453
52517
52541
52571
52579
52667
52691
52709
52733
52757
52813
52837
52883
52973
52981
53003
53069
53077
53093
53101
53117
53147
53171
53189
53197
53267
53299
53309
53323
53381
53411
53419
53437
53453
53507
53549
53597
53653
53693
53699
53717
53773
53813
53819
53861
53891
53899
53917
53939
53987
54011
54037
54059
54083
54139
54163
54181
54251
54269
54293
54323
54331
54347
54403
54413
54419
54421
54437
54443
54469
54493
54539
54541
54563
54667
54709
54773
54779
54787
54829
54869
54877
54907
54917
54941
54949
55051
55061
55109
55163
55213
55219
55229
55243
55331
55339
55373
55411
55469
55541
55547
55579
55589
55603
55619
55621
55661
55667
55691
55717
55733
55763
55787
55813
55819
55829
55843
55901
55933
55949
55987
55997
56003
56053
56093
56099
56123
56131
56171
56237
56267
56269
56333
56437
56453
56467
56477
56509
56531
56597
56629
56659
56701
56731
56747
56773
56779
56827
56843
56891
56893
56909
56941
56957
56963
57059
57077
57107
57131
57139
57149
57163
57173
57179
57203
57221
57251
57259
57269
57283
57331
57347
57349
57373
57389
57397
57413
57427
57467
57557
57587
57637
57653
57709
57731
57787
57803
57859
57899
57901
57917
57923
58013
58027
58043
58067
58109
58171
58211
58229
58243
58363
58379
58403
58411
58427
58453
58549
58573
58579
58603
58613
58661
58693
58699
58733
58741
58757
58763
58787
58789
58901
58907
58909
58979
59011
59021
59029
59069
59083
59107
59123
59149
59197
59219
59221
59243
59333
59357
59387
59419
59443
59453
59467
59539
59557
59611
59627
59629
59651
59669
59693
59699
59723
59747
59771
59797
59957
59981
60029
60037
60077
60083
60091
60107
60149
60293
60317
60373
60413
60443
60493
60509
60539
60589
60637
60659
60661
60733
60757
60773
60779
60811
60821
60869
60899
60901
60917
60923
61027
61043
61091
61099
61211
61253
61261
61283
61331
61333
61339
61379
61403
61469
61483
61493
61507
61547
61603
61613
61637
61643
61651
61667
61717
61757
61781
61813
61843
61861
61949
61979
61987
62003
62011
62053
62099
62131
62141
62171
62189
62213
62219
62299
62323
62477
62483
62501
62507
62533
62539
62549
62581
62597
62603
62627
62653
62701
62723
62819
62851
62869
62939
62981
62987
62989
63029
63059
63067
63131
63149
63179
63197
63277
63299
63317
63331
63347
63389
63397
63419
63421
63443
63467
63493
63541
63587
63589
63611
63629
63659
63667
63773
63781
63803
63853
63907
63949
63997
64013
64019
64037
64091
64109
64123
64157
64187
64189
64237
64283
64301
64333
64373
64381
64451
64453
64483
64499
64579
64613
64661
64667
64693
64717
64763
64781
64811
64853
64901
64997
65011
65027
65029
65099
65101
65123
65141
65147
65171
65173
65179
65203
65213
65267
65269
65293
65309
65323
65357
65371
65539
65579
65581
65587
65629
65651
65677
65699
65707
65717
65789
65827
65837
65843
65867
65957
65963
65981
66029
66037
66083
66107
66109
66173
66179
66221
66293
66347
66373
66403
66413
66467
66491
66499
66509
66523
66533
66587
66629
66643
66653
66733
66739
66797
66821
66851
66853
66883
66923
66947
66973
67003
67043
67061
67139
67141
67157
67181
67187
67211
67213
67261
67307
67349
67411
67421
67427
67429
67453
67477
67493
67499
67523
67547
67589
67619
67699
67709
67733
67763
67829
67853
67867
67883
67933
67957
67979
67987
68059
68099
68147
68171
68213
68219
68227
68261
68389
68437
68477
68483
68507
68539
68597
68611
68659
68669
68683
68699
68813
68819
68891
68899
68909
68947
68963
69019
69029
69061
69067
69109
69149
69163
69197
69203
69221
69259
69371
69379
69389
69427
69467
69491
69493
69539
69557
69653
69677
69691
69739
69763
69779
69827
69877
69899
69941
69997
70003
70061
70067
70117
70123
70139
70157
70163
70229
70237
70373
70501
70507
70549
70571
70573
70589
70619
70667
70709
70717
70843
70853
70877
70901
70949
70957
70979
70997
71069
71147
71171
71237
71317
71333
71339
71347
71363
71387
71411
71413
71419
71429
71437
71453
71483
71549
71563
71597
71693
71699
71707
71741
71789
71821
71837
71843
71867
71899
71909
71917
71933
71941
71947
71963
71971
71987
72019
72053
72077
72091
72101
72109
72139
72173
72211
72221
72227
72229
72253
72341
72379
72461
72467
72493
72533
72547
72613
72643
72701
72707
72733
72739
72763
72797
72859
72869
72893
72901
72907
72923
72949
72973
72997
73013
73019
73037
73043
73061
73091
73133
73181
73189
73259
73309
73331
73379
73387
73421
73453
73459
73483
73517
73523
73547
73571
73589
73597
73613
73637
73643
73651
73693
73699
73709
73757
73771
73859
73867
73877
73883
73907
73939
73973
74021
74027
74093
74099
74101
74131
74149
74189
74203
74219
74317
74357
74363
74381
74411
74419
74453
74507
74509
74531
74573
74587
74597
74611
74653
74699
74707
74717
74731
74747
74771
74779
74843
74861
74869
74891
74933
75013
75029
75037
75083
75109
75133
75149
75181
75211
75227
75253
75269
75277
75323
75347
75389
75437
75533
75539
75541
75557
75571
75611
75619
75629
75653
75659
75683
75707
75709
75731
75773
75797
75821
75869
75883
75941
75979
75989
75997
76091
76147
76157
76163
76253
76259
76261
76283
76379
76403
76493
76507
76541
76603
76667
76717
76733
76757
76771
76781
76829
76883
76907
76949
77003
77029
77069
77093
77171
77213
77237
77243
77261
77267
77269
77291
77317
77323
77339
77419
77477
77509
77549
77563
77573
77587
77611
77621
77659
77699
77723
77731
77747
77773
77813
77867
77893
77933
78059
78101
78173
78179
78203
78229
78259
78307
78317
78341
78347
78437
78467
78517
78539
78541
78571
78707
78779
78787
78797
78803
78877
78893
78941
78989
79043
79133
79139
79147
79181
79229
79259
79283
79301
79309
79349
79379
79397
79411
79427
79531
79549
79589
79613
79621
79699
79757
79811
79813
79829
79843
79861
79867
79901
79907
79973
79979
79987
79997
80021
80051
80077
80107
80141
80147
80221
80251
80309
80317
80341
80347
80363
80387
80429
80491
80557
80603
80611
80621
80627
80629
80651
80669
80677
80701
80747
80749
80779
80789
80803
80819
80909
80923
80933
80989
81019
81077
81083
81101
81131
81163
81173
81197
81203
81283
81293
81299
81307
81349
81371
81373
81509
81517
81563
81611
81629
81637
81701
81707
81749
81773
81869
81899
81901
81971
81973
82003
82037
82051
82067
82163
82171
82219
82267
82301
82307
82339
82373
82387
82421
82469
82483
82493
82507
82549
82613
82619
82651
82723
82757
82763
82781
82787
82811
82813
82837
82883
82891
82939
82981
82997
83003
83059
83093
83101
83117
83203
83219
83243
83267
83269
83299
83339
83357
83389
83437
83443
83459
83477
83557
83563
83579
83597
83621
83717
83813
83843
83891
83933
83939
83987
84053
84059
84067
84131
84163
84179
84181
84221
84229
84299
84317
84347
84349
84389
84421
84437
84443
84467
84499
84509
84523
84533
84589
84629
84653
84659
84691
84701
84731
84787
84827
84859
84947
84979
85027
85037
85061
85093
85109
85133
85147
85237
85259
85331
85411
85427
85451
85453
85517
85523
85549
85571
85597
85627
85643
85661
85669
85691
85717
85733
85781
85819
85829
85837
85853
85909
85931
86027
86029
86069
86083
86117
86131
86179
86197
86243
86291
86293
86323
86341
86357
86389
86413
86453
86461
86467
86477
86491
86501
86531
86533
86573
86579
86627
86629
86677
86693
86813
86837
86843
86851
86861
86869
86923
86939
86981
87011
87037
87083
87107
87149
87179
87181
87251
87253
87293
87299
87317
87323
87403
87427
87443
87491
87509
87517
87523
87539
87547
87587
87589
87613
87629
87683
87701
87797
87811
87853
87869
87877
87917
87973
88003
88019
88037
88069
88093
88211
88237
88259
88261
88301
88379
88397
88411
88427
88469
88493
88499
88523
88547
88589
88643
88661
88667
88741
88789
88811
88819
88843
88853
88861
88867
88883
88997
89003
89021
89051
89069
89083
89101
89107
89189
89203
89213
89237
89261
89269
89317
89371
89381
89387
89413
89443
89459
89477
89491
89501
89533
89563
89597
89603
89611
89627
89669
89779
89819
89821
89867
89899
89909
89917
89939
89963
89989
90011
90053
90059
90067
90107
90149
90163
90173
90187
90197
90203
90227
90371
90379
90397
90437
90469
90499
90523
90533
90547
90659
90677
90731
90749
90803
90901
90917
90947
90971
90989
91019
91099
91139
91163
91229
91253
91283
91291
91331
91387
91397
91411
91459
91493
91499
91541
91571
91621
91691
91733
91757
91771
91781
91811
91813
91837
91867
91909
91939
91997
92003
92077
92083
92107
92173
92189
92203
92219
92237
92243
92251
92333
92363
92381
92387
92413
92419
92459
92461
92467
92507
92557
92627
92669
92693
92699
92707
92717
92723
92779
92789
92861
92867
92941
92957
92987
93053
93059
93077
93083
93139
93179
93251
93253
93283
93307
93323
93371
93419
93427
93491
93493
93523
93557
93629
93683
93701
93763
93811
93827
93851
93893
93901
93923
93941
93949
93971
94099
94109
94117
94229
94253
94291
94307
94331
94349
94379
94397
94421
94427
94477
94483
94541
94547
94573
94621
94651
94709
94723
94747
94781
94789
94811
94819
94837
94907
94933
94949
95003
95021
95027
95083
95093
95101
95189
95203
95219
95261
95267
95339
95413
95429
95461
95483
95507
95531
95549
95581
95597
95629
95651
95701
95707
95717
95723
95731
95789
95813
95819
95891
95917
95947
95957
95987
96013
96043
96053
96059
96149
96179
96211
96221
96259
96269
96293
96323
96443
96451
96461
96517
96557
96581
96587
96643
96667
96731
96739
96749
96779
96787
96797
96821
96827
96851
96893
96907
96931
96973
96989
96997
97021
97117
97157
97187
97283
97301
97373
97379
97381
97387
97397
97453
97459
97499
97523
97547
97549
97571
97579
97613
97651
97787
97789
97813
97829
97843
97859
97861
97883
97931
97973
97987
98101
98123
98179
98213
98221
98251
98269
98299
98347
98387
98389
98411
98419
98429
98443
98453
98459
98507
98533
98563
98573
98597
98627
98669
98717
98731
98773
98779
98837
98867
98869
98893
98899
98909
98939
98963
99053
99083
99133
99139
99149
99173
99259
99277
99317
99347
99371
99397
99469
99563
99571
99581
99611
99661
99667
99707
99733
99787
99829
99859
99877
99901
99907
99923
99971
99989
100003
100019
100043
100109
100189
100213
100333
100357
100363
100379
100403
100411
100459
100469
100493
100501
100517
100523
100547
100549
100613
100693
100699
100733
100747
100787
100811
100829
100907
100931
100957
100987
101021
101027
101051
101117
101149
101173
101197
101267
101293
101323
101333
101341
101347
101363
101411
101419
101429
101467
101477
101483
101501
101531
101573
101581
101603
101611
101627
101693
101701
101723
101741
101747
101749
101771
101789
101797
101891
101939
101957
101963
101987
102019
102059
102061
102077
102101
102107
102149
102197
102203
102229
102251
102253
102293
102299
102317
102437
102461
102523
102533
102539
102547
102563
102587
102611
102653
102701
102763
102797
102811
102829
102877
103043
103067
103069
103093
103291
103307
103333
103451
103483
103549
103613
103619
103643
103651
103699
103787
103811
103843
103867
103963
103979
103997
104003
104021
104059
104123
104147
104173
104179
104243
104309
104381
104459
104549
104579
104597
104659
104677
104683
104701
104707
104717
104723
104773
104789
104869
104891
104917
104933
104971
104987
105019
105107
105173
105211
105229
105251
105269
105323
105331
105341
105373
105379
105389
105397
105437
105467
105491
105499
105509
105517
105533
105541
105563
105613
105653
105683
105691
105829
105883
105899
105971
106013
106019
106109
106123
106163
106181
106187
106213
106261
106277
106291
106307
106349
106357
106363
106397
106411
106427
106451
106501
106619
106627
106637
106661
106693
106739
106747
106781
106787
106853
106859
106877
106907
106949
106979
107069
107077
107099
107123
107197
107243
107309
107347
107357
107453
107467
107507
107581
107603
107621
107693
107699
107717
107747
107773
107837
107843
107867
107923
107981
108037
108061
108107
108109
108139
108179
108203
108293
108347
108379
108413
108461
108533
108541
108557
108587
108677
108707
108739
108803
108821
108827
108869
108877
108883
108917
108923
108947
108949
108971
109013
109037
109133
109139
109141
109171
109229
109267
109331
109379
109387
109397
109451
109453
109469
109507
109517
109541
109547
109579
109589
109619
109741
109829
109843
109859
109883
109891
110051
110069
110083
110221
110237
110261
110269
110291
110339
110437
110459
110477
110491
110501
110557
110563
110581
110587
110597
110603
110651
110731
110749
110771
110813
110819
110821
110909
110933
110939
110989
111029
111043
111053
111091
111109
111149
111227
111229
111253
111269
111317
111323
111347
111373
111443
111467
111491
111509
111533
111611
111653
111659
111667
111731
111733
111773
111779
111781
111827
111829
111869
111893
111949
111973
111997
112019
112067
112139
112163
112181
112213
112237
112253
112331
112339
112349
112363
112397
112403
112459
112507
112573
112589
112603
112621
112643
112691
112741
112757
112771
112787
112843
112859
112877
112901
112909
112979
112997
113021
113027
113083
113093
113117
113123
113147
113173
113189
113213
113341
113357
113363
113371
113381
113437
113453
113501
113539
113683
113717
113749
113779
113797
113819
113837
113843
113891
113899
113909
113933
113947
113957
113963
114013
114043
114067
114077
114083
114157
114197
114203
114221
114229
114269
114277
114299
114419
114467
114493
114571
114659
114661
114691
114749
114757
114773
114797
114827
114883
114941
114997
115013
115019
115021
115067
115117
115133
115163
115211
115259
115301
115309
115421
115429
115469
115499
115523
115547
115571
115589
115597
115603
115613
115637
115693
115733
115757
115763
115771
115811
115853
115859
115861
115877
115883
115901
115933
115963
115979
115987
116027
116099
116107
116131
116141
116189
116293
116387
116411
116437
116443
116461
116483
116491
116507
116531
116533
116539
116549
116579
116707
116741
116747
116789
116803
116819
116827
116867
116933
116981
117037
117043
117053
117101
117109
117133
117203
117251
117259
117269
117373
117389
117413
117427
117437
117443
117499
117539
117563
117643
117659
117701
117709
117731
117763
117773
117779
117797
117811
117851
117877
117883
117899
117917
117989
118037
118043
118051
118061
118093
118147
118213
118219
118259
118277
118373
118387
118411
118493
118571
118589
118603
118619
118661
118669
118691
118709
118739
118747
118757
118787
118819
118843
118901
118907
118973
119027
119083
119099
119131
119173
119227
119237
119243
119267
119291
119299
119363
119419
119429
119533
119549
119557
119563
119611
119627
119653
119677
119699
119701
119723
119747
119773
119797
119813
119869
119963
119981
120077
120157
120277
120283
120293
120299
120331
120371
120397
120413
120427
120539
120557
120563
120587
120661
120677
120709
120739
120749
120763
120779
120829
120877
120899
120907
120917
120941
120947
120997
121013
121019
121061
121067
121123
121139
121157
121181
121189
121229
121259
121349
121379
121403
121421
121469
121493
121501
121507
121523
121531
121547
121571
121621
121637
121661
121763
121787
121843
121853
121883
121931
121949
121963
121997
122011
122021
122027
122029
122051
122053
122069
122099
122117
122147
122149
122173
122203
122219
122267
122299
122363
122387
122389
122443
122453
122477
122501
122533
122579
122597
122651
122693
122701
122741
122789
122819
122861
122867
122939
122957
123059
123077
123083
123091
123203
123259
123269
123307
123323
123379
123397
123419
123427
123491
123493
123499
123517
123581
123637
123653
123661
123667
123677
123701
123707
123731
123757
123821
123829
123923
123941
123973
123979
123989
123997
124021
124067
124123
124133
124139
124171
124181
124277
124291
124301
124309
124349
124427
124429
124477
124493
124541
124643
124669
124693
124699
124739
124819
124853
124907
124979
124981
124987
125003
125093
125101
125117
125131
125149
125197
125219
125221
125261
125269
125339
125387
125429
125453
125507
125509
125621
125627
125669
125683
125693
125707
125717
125789
125813
125899
125933
125941
125963
126011
126037
126107
126131
126173
126211
126227
126229
126307
126317
126323
126349
126443
126461
126517
126541
126547
126611
126613
126653
126683
126691
126733
126739
126757
126781
126827
126851
126859
126923
126949
126989
127037
127051
127123
127133
127139
127157
127163
127189
127219
127261
127277
127301
127373
127403
127453
127493
127549
127579
127637
127643
127669
127691
127709
127733
127739
127747
127763
127781
127819
127837
127859
127867
127877
127973
127979
127997
128021
128053
128099
128147
128189
128203
128213
128237
128291
128339
128341
128411
128413
128477
128483
128549
128603
128621
128669
128677
128693
128717
128747
128749
128813
128819
128837
128939
128941
128971
128981
129011
129037
129083
129187
129197
129221
129229
129277
129293
129341
129347
129403
129419
129443
129469
129491
129499
129509
129517
129533
129539
129581
129587
129643
129707
129733
129749
129757
129803
129893
129917
129971
130021
130027
130043
130069
130099
130171
130211
130253
130259
130307
130349
130379
130411
130469
130517
130523
130547
130589
130619
130621
130643
130693
130699
130787
130829
130843
130859
130957
130973
131011
131059
131213
131221
131267
131357
131363
131371
131381
131413
131437
131477
131501
131507
131611
131627
131749
131771
131779
131837
131861
131893
131899
131909
131933
131939
131941
131947
132059
132109
132157
132173
132229
132283
132299
132347
132371
132437
132491
132499
132533
132547
132611
132637
132701
132707
132709
132851
132859
132893
132947
132949
132989
133013
133051
133069
133109
133117
133157
133187
133213
133253
133277
133283
133349
133379
133387
133403
133499
133541
133571
133597
133691
133709
133723
133733
133781
133813
133843
133853
133877
133949
133963
133979
134053
134077
134093
134213
134219
134227
134243
134269
134291
134333
134339
134341
134363
134371
134437
134507
134587
134669
134677
134699
134741
134789
134837
134851
134867
134909
134917
134923
134989
135019
135029
135043
135059
135077
135101
135131
135173
135181
135197
135221
135277
135347
135389
135403
135427
135461
135467
135469
135533
135581
135589
135637
135701
135757
135787
135851
135859
135893
135899
136013
136027
136043
136067
136069
136133
136139
136163
136189
136237
136261
136277
136309
136333
136373
136397
136403
136429
136501
136523
136531
136541
136547
136573
136603
136621
136693
136733
136739
136811
136859
136883
136973
136979
137077
137117
137147
137197
137219
137339
137363
137387
137413
137437
137443
137477
137483
137491
137507
137573
137597
137653
137659
137699
137723
137909
137933
137941
137947
137957
138053
138059
138077
138101
138107
138157
138163
138179
138181
138197
138251
138283
138323
138349
138371
138373
138389
138403
138427
138451
138461
138469
138493
138563
138587
138629
138683
138739
138763
138797
138821
138829
138869
138893
138899
138917
139021
139067
139091
139109
139123
139133
139187
139267
139291
139301
139309
139333
139339
139387
139397
139429
139459
139493
139547
139571
139589
139597
139619
139709
139747
139787
139837
139883
139891
139901
139907
140069
140123
140171
140197
140227
140237
140317
140333
140339
140363
140381
140411
140419
140443
140453
140477
140533
140549
140587
140603
140611
140627
140629
140677
140683
140717
140741
140797
140813
140827
140837
140891
140893
140909
140939
140989
141061
141067
141101
141107
141131
141157
141179
141181
141221
141269
141277
141283
141301
141371
141397
141413
141443
141509
141539
141587
141613
141629
141653
141667
141677
141707
141731
141773
141803
141811
141851
141853
141907
141917
141931
141941
141971
142019
142061
142067
142099
142123
142157
142189
142211
142381
142403
142421
142453
142469
142547
142573
142589
142619
142733
142757
142771
142787
142789
142837
142867
142907
142939
142949
142963
142973
142979
143053
143093
143141
143197
143291
143333
143357
143387
143413
143477
143483
143501
143509
143573
143629
143651
143653
143669
143677
143699
143779
143797
143813
143821
143827
143909
143981
144013
144037
144061
144173
144203
144253
144259
144299
144323
144341
144379
144413
144451
144461
144539
144541
144563
144589
144629
144659
144701
144731
144757
144763
144773
144779
144883
144899
144917
144941
144973
145021
145037
145043
145091
145109
145133
145213
145219
145253
145259
145267
145283
145307
145381
145451
145459
145477
145517
145547
145549
145589
145603
145637
145661
145709
145757
145771
145829
145861
145931
145933
145949
145963
145987
146011
146021
146059
146077
146093
146099
146117
146141
146197
146203
146213
146291
146299
146309
146317
146323
146347
146381
146437
146477
146539
146563
146581
146603
146669
146677
146683
146701
146749
146819
146837
146843
146891
146893
146917
146933
146987
146989
147029
147083
147107
147139
147179
147197
147221
147227
147253
147283
147293
147299
147347
147397
147419
147517
147547
147557
147571
147613
147629
147709
147773
147779
147827
147859
147997
148013
148061
148091
148123
148139
148157
148171
148229
148243
148301
148339
148387
148403
148411
148469
148483
148517
148531
148579
148667
148669
148723
148747
148763
148829
148853
148859
148891
148931
148949
149021
149027
149053
149059
149069
149099
149173
149213
149251
149269
149309
149323
149333
149341
149411
149459
149491
149579
149603
149627
149629
149749
149803
149837
149861
149867
149893
149899
149909
149939
150053
150067
150077
150083
150131
150197
150203
150211
150299
150301
150323
150379
150413
150517
150523
150533
150587
150589
150659
150707
150779
150797
150827
150869
150893
150901
150907
150979
150989
151013
151027
151091
151141
151157
151163
151189
151237
151243
151253
151339
151357
151379
151397
151451
151499
151507
151517
151523
151531
151549
151579
151597
151603
151637
151643
151667
151693
151717
151733
151771
151787
151813
151883
151909
152003
152027
152029
152093
152147
152189
152213
152219
152267
152363
152419
152429
152459
152501
152531
152533
152539
152597
152717
152723
152819
152821
152837
152843
152939
152947
152981
153059
153067
153077
153107
153133
153269
153277
153379
153421
153427
153437
153469
153509
153533
153557
153563
153589
153611
153733
153739
153757
153763
153877
153941
153947
153949
153997
154027
154043
154067
154157
154181
154211
154213
154229
154277
154333
154373
154387
154459
154493
154523
154573
154589
154613
154619
154643
154667
154669
154691
154733
154747
154787
154789
154877
154883
154933
154981
155003
155027
155069
155083
155171
155219
155251
155333
155371
155381
155387
155413
155453
155501
155509
155539
155557
155579
155621
155627
155653
155693
155699
155717
155723
155731
155747
155797
156011
156019
156059
156061
156109
156131
156227
156253
156259
156269
156347
156371
156419
156437
156467
156491
156493
156539
156589
156659
156677
156683
156691
156707
156733
156749
156781
156797
156899
156941
156971
157013
157019
157037
157051
157061
157109
157133
157141
157163
157181
157211
157219
157229
157253
157259
157291
157307
157349
157363
157411
157427
157429
157477
157483
157523
157571
157579
157627
157637
157667
157733
157739
157747
157771
157813
157837
157867
157901
157907
157931
157933
158003
158029
158141
158189
158243
158269
158293
158341
158357
158363
158371
158419
158429
158507
158563
158573
158597
158611
158699
158749
158771
158803
158843
158867
158909
158923
158941
158981
159059
159157
159179
159227
159293
159347
159349
159389
159437
159469
159491
159539
159541
159563
159571
159589
159667
159683
159701
159707
159763
159773
159779
159787
159869
159899
159979
160019
160117
160141
160163
160253
160357
160373
160387
160397
160403
160453
160499
160507
160541
160579
160603
160619
160627
160637
160651
160669
160709
160723
160739
160757
160781
160813
160829
160877
160883
160907
160933
160981
160997
161123
161149
161221
161237
161267
161309
161333
161339
161341
161363
161387
161411
161453
161459
161507
161531
161563
161573
161611
161627
161659
161717
161731
161741
161779
161923
161947
161957
162011
162053
162059
162091
162109
162251
162269
162277
162389
162413
162419
162499
162523
162557
162563
162611
162629
162677
162683
162709
162731
162739
162749
162829
162853
162907
162917
162947
162971
162973
162989
162997
163019
163027
163109
163117
163147
163171
163181
163259
163307
163309
163363
163403
163469
163517
163573
163613
163621
163627
163637
163643
163661
163733
163781
163789
163819
163853
163859
163883
163973
163979
163987
164051
164093
164117
164147
164149
164173
164267
164291
164299
164309
164357
164363
164387
164413
164443
164477
164531
164587
164621
164627
164653
164677
164771
164789
164821
164837
164963
164987
165037
165059
165083
165133
165173
165181
165203
165293
165317
165349
165379
165397
165437
165443
165533
165587
165589
165611
165653
165667
165701
165707
165709
165749
165779
165829
165877
165883
165947
166013
166021
166027
166043
166099
166157
166189
166219
166237
166259
166301
166349
166403
166571
166597
166603
166613
166619
166627
166643
166667
166723
166739
166741
166781
166843
166853
166861
166867
166909
166931
166949
166973
166979
167021
167051
167099
167117
167149
167197
167213
167221
167261
167267
167309
167317
167339
167413
167429
167437
167443
167491
167597
167611
167627
167683
167747
167771
167891
167917
167987
168013
168029
168043
168083
168109
168197
168227
168269
168277
168293
168331
168347
168451
168491
168541
168629
168643
168677
168731
168803
168869
168893
168899
168901
169003
169019
169067
169069
169181
169219
169243
169259
169283
169307
169339
169427
169493
169501
169523
169627
169667
169691
169693
169733
169843
169859
169891
169909
169933
169957
170003
170021
170029
170099
170101
170123
170141
170179
170189
170213
170243
170267
170293
170299
170363
170389
170413
170483
170557
170603
170627
170669
170741
170749
170773
170813
170827
170837
170843
170851
170957
170971
171029
171043
171053
171077
171091
171131
171163
171179
171203
171251
171299
171317
171341
171427
171467
171469
171491
171517
171539
171629
171637
171653
171659
171707
171733
171763
171803
171827
171851
171869
171917
171923
171947
172021
172027
172069
172093
172147
172157
172171
172181
172219
172243
172259
172307
172331
172357
172373
172421
172427
172507
172517
172589
172597
172619
172643
172709
172717
172741
172787
172829
172853
172859
172867
172877
172883
172933
172973
173021
173053
173059
173099
173141
173149
173219
173267
173291
173309
173357
173429
173483
173501
173531
173549
173573
173651
173659
173669
173683
173699
173707
173819
173851
173861
173867
173891
173909
173917
173923
173981
174019
174061
174067
174077
174101
174149
174157
174197
174221
174259
174299
174331
174347
174389
174443
174467
174533
174571
174613
174653
174659
174773
174829
174851
174893
174917
174931
174989
175003
175013
175061
175067
175069
175141
175229
175267
175277
175291
175309
175333
175349
175403
175411
175493
175499
175523
175573
175691
175709
175723
175781
175811
175829
175837
175843
175853
175859
175909
175939
175949
175963
175979
176021
176051
176053
176123
176179
176213
176221
176227
176237
176243
176261
176299
176317
176333
176347
176357
176389
176419
176459
176461
176507
176549
176557
176573
176597
176651
176699
176741
176747
176779
176789
176797
176819
176923
176933
176989
177011
177013
177019
177043
177091
177101
177109
177131
177173
177269
177283
177301
177323
177347
177379
177427
177467
177533
177539
177589
177677
177691
177763
177787
177797
177907
177917
178021
178037
178067
178069
178093
178141
178187
178259
178301
178307
178349
178397
178403
178469
178597
178603
178643
178691
178693
178757
178781
178813
178819
178853
178859
178877
178907
178931
178939
178973
179021
179029
179099
179107
179173
179203
179213
179243
179261
179269
179357
179381
179429
179453
179461
179483
179533
179549
179563
179573
179579
179603
179651
179659
179693
179717
179749
179779
179813
179819
179821
179827
179899
179909
179917
179923
179957
179981
179989
180043
180053
180179
180211
180221
180259
180307
180317
180331
180347
180379
180419
180437
180491
180539
180547
180563
180629
180667
180701
180731
180749
180773
180883
180949
181003
181061
181157
181211
181213
181219
181253
181277
181283
181387
181397
181421
181499
181501
181523
181619
181667
181693
181739
181757
181763
181789
181813
181891
181931
181981
181997
182027
182059
182099
182107
182123
182131
182141
182179
182243
182261
182309
182333
182339
182341
182387
182453
182467
182549
182579
182603
182627
182653
182659
182747
182779
182789
182813
182867
182893
182933
182957
183059
183203
183259
183283
183299
183307
183317
183349
183373
183389
183437
183451
183499
183523
183571
183581
183587
183611
183683
183691
183707
183709
183763
183797
183907
183917
183971
183973
183979
184003
184013
184043
184117
184133
184181
184187
184189
184211
184259
184477
184517
184523
184571
184627
184651
184669
184733
184829
184837
184843
184859
184901
184949
184957
184997
185021
185027
185051
185069
185099
185123
185189
185221
185243
185267
185299
185309
185323
185363
185429
185477
185483
185491
185531
185539
185557
185621
185693
185699
185707
185723
185747
185789
185797
185813
185819
185893
185957
185971
185987
186107
186149
186163
186187
186211
186227
186229
186253
186299
186301
186317
186397
186419
186437
186581
186587
186629
186653
186701
186707
186773
186859
186869
186883
186917
186947
187043
187067
187091
187123
187139
187141
187163
187189
187211
187277
187349
187373
187379
187387
187469
187547
187573
187637
187651
187661
187669
187699
187763
187787
187843
187861
187877
187883
187907
187931
187973
187987
188021
188029
188147
188171
188179
188197
188261
188291
188299
188317
188323
188333
188389
188443
188459
188483
188491
188533
188603
188653
188677
188693
188779
188843
188869
188933
188939
188941
188957
189011
189019
189043
189067
189149
189187
189229
189251
189253
189307
189347
189349
189389
189437
189467
189491
189493
189509
189517
189613
189643
189653
189661
189701
189733
189797
189851
189853
189859
189901
189947
189989
190027
190093
190181
190243
190261
190283
190387
190403
190507
190523
190579
190613
190667
190669
190699
190709
190717
190787
190811
190829
190843
190901
190909
190997
191021
191099
191123
191141
191173
191189
191227
191237
191341
191413
191453
191459
191461
191467
191491
191507
191509
191531
191579
191621
191627
191669
191677
191693
191699
191707
191717
191747
191827
191837
192029
192037
192053
192091
192133
192149
192173
192187
192229
192251
192259
192307
192317
192323
192347
192461
192499
192539
192547
192557
192587
192613
192629
192637
192667
192677
192749
192757
192811
192853
192859
192877
192917
192923
192949
192971
192979
193003
193013
193043
193051
193093
193133
193147
193163
193181
193243
193261
193283
193301
193357
193373
193379
193387
193451
193469
193493
193507
193541
193549
193573
193597
193603
193619
193723
193741
193757
193763
193771
193789
193811
193859
193861
193877
193883
193891
193979
194003
194027
194069
194093
194101
194141
194149
194203
194267
194269
194309
194371
194413
194443
194483
194507
194581
194653
194683
194707
194717
194749
194771
194813
194819
194827
194861
194891
194899
194917
194933
194963
194981
194989
195029
195043
195053
195077
195163
195197
195203
195229
195253
195277
195341
195389
195413
195443
195469
195539
195541
195659
195677
195733
195739
195781
195869
195883
195893
195907
195973
195997
196117
196139
196187
196277
196307
196331
196379
196429
196459
196477
196499
196501
196523
196541
196549
196613
196643
196661
196699
196709
196717
196739
196771
196837
196853
196901
196907
197003
197059
197077
197083
197101
197117
197123
197147
197203
197243
197261
197269
197293
197299
197339
197341
197347
197371
197381
197389
197453
197507
197539
197573
197597
197621
197651
197683
197699
197741
197773
197803
197837
197891
197893
197909
197933
197957
197963
198043
198083
198109
198139
198173
198179
198197
198251
198259
198277
198301
198323
198347
198397
198413
198427
198437
198461
198469
198491
198533
198571
198589
198613
198637
198659
198701
198733
198827
198851
198859
198901
198971
199037
199211
199267
199357
199373
199379
199403
199429
199453
199499
199501
199523
199621
199637
199669
199739
199819
199877
199909
199931
199933
200003
200029
200131
200171
200227
200237
200357
200363
200381
200437
200443
200461
200483
200573
200579
200587
200597
200699
200723
200771
200779
200789
200797
200843
200861
200867
200891
200899
200909
200971
200987
200989
201011
201107
201139
201163
201203
201211
201307
201389
201413
201437
201451
201491
201493
201547
201557
201581
201589
201611
201629
201653
201661
201667
201683
201701
201731
201787
201797
201821
201827
201893
201907
201923
201947
201973
201979
202021
202061
202067
202099
202109
202187
202219
202243
202277
202309
202339
202357
202381
202403
202493
202549
202613
202627
202637
202661
202667
202693
202733
202757
202859
202877
202907
202933
202949
202973
202981
202987
203011
203117
203141
203213
203221
203227
203293
203309
203339
203363
203381
203387
203429
203459
203531
203549
203563
203579
203627
203659
203669
203773
203789
203843
203909
203947
203989
204019
204059
204067
204101
204107
204133
204163
204173
204251
204299
204371
204437
204509
204517
204557
204563
204587
204613
204707
204749
204781
204797
204803
204821
204917
204923
204931
204947
205019
205043
205069
205133
205157
205187
205211
205213
205253
205307
205339
205397
205421
205427
205453
205483
205589
205619
205661
205763
205883
205949
205957
205981
206021
206027
206069
206077
206083
206123
206179
206221
206237
206251
206341
206347
206413
206419
206461
206477
206483
206501
206597
206603
206627
206651
206699
206749
206803
206813
206819
206821
206827
206909
206933
206939
207029
207037
207061
207139
207187
207197
207227
207269
207293
207307
207331
207341
207371
207443
207491
207509
207517
207523
207541
207547
207563
207589
207629
207643
207653
207661
207709
207763
207797
207869
207941
207947
207971
208003
208037
208067
208099
208139
208141
208147
208189
208253
208261
208277
208283
208291
208309
208333
208379
208387
208469
208493
208499
208589
208627
208667
208739
208787
208837
208843
208877
208891
208907
208931
208933
208963
208997
209123
209147
209173
209189
209213
209267
209269
209299
209333
209347
209357
209459
209477
209533
209549
209579
209581
209597
209621
209659
209669
209701
209717
209771
209789
209813
209819
209837
209851
209861
209917
209939
209971
209987
210011
210053
210101
210157
210173
210229
210277
210283
210299
210317
210323
210347
210403
210437
210461
210467
210499
210523
210533
210557
210619
210643
210659
210709
210731
210773
210803
210869
210901
210907
210923
211067
211187
211219
211229
211283
211291
211333
211339
211349
211373
211403
211427
211469
211493
211501
211507
211571
211597
211619
211643
211661
211691
211693
211741
211747
211811
211859
211867
211877
211931
211933
211949
211979
211997
212099
212123
212131
212141
212203
212227
212243
212293
212411
212419
212437
212453
212467
212501
212507
212557
212573
212579
212627
212651
212669
212677
212683
212701
212837
212843
212867
212869
212909
212981
212987
213019
213029
213043
213067
213091
213131
213133
213149
213173
213203
213229
213253
213397
213467
213523
213533
213539
213557
213613
213637
213659
213821
213827
213859
213947
213949
213973
213989
214003
214021
214043
214069
214091
214133
214147
214211
214213
214219
214237
214243
214259
214283
214373
214381
214451
214469
214483
214499
214517
214541
214589
214603
214667
214691
214723
214733
214763
214771
214811
214853
214883
214939
215077
215123
215197
215261
215309
215389
215443
215483
215507
215531
215573
215653
215659
215693
215771
215827
215843
215893
215899
215939
215981
216037
216107
216133
216149
216157
216173
216179
216317
216347
216371
216379
216397
216421
216493
216509
216523
216653
216661
216731
216757
216779
216781
216787
216803
216829
216851
216859
216877
216899
216901
216917
216947
217027
217117
217157
217163
217229
217253
217307
217333
217339
217363
217397
217421
217429
217499
217573
217619
217643
217667
217691
217717
217733
217739
217747
217771
217781
217829
217859
217901
217909
217979
217981
218003
218021
218069
218083
218107
218117
218131
218171
218213
218227
218357
218363
218371
218381
218389
218419
218437
218453
218459
218509
218549
218579
218627
218629
218651
218677
218717
218723
218819
218843
218923
218941
218947
218963
218971
218987
219019
219053
219083
219091
219133
219251
219277
219293
219301
219371
219389
219437
219451
219467
219491
219517
219523
219533
219587
219629
219677
219683
219707
219731
219749
219757
219763
219787
219797
219829
219917
219931
219979
220013
220019
220123
220163
220189
220291
220301
220307
220333
220373
220403
220421
220469
220573
220579
220589
220613
220667
220699
220709
220757
220811
220859
220877
220901
220907
220931
220939
220973
221069
221077
221083
221093
221173
221197
221203
221219
221227
221251
221261
221411
221413
221461
221477
221539
221549
221581
221603
221621
221677
221707
221717
221723
221747
221773
221797
221813
221827
221909
221957
221987
221989
222011
222029
222043
222059
222107
222109
222149
222163
222197
222269
222293
222317
222323
222347
222379
222389
222403
222419
222437
222461
222499
222533
222557
222587
222613
222619
222643
222659
222707
222779
222787
222877
222883
222931
222941
222947
223019
223037
223061
223133
223219
223229
223243
223253
223259
223277
223283
223291
223331
223339
223403
223429
223469
223493
223547
223549
223589
223621
223637
223667
223747
223757
223781
223829
224011
224027
224131
224149
224261
224267
224309
224317
224363
224429
224443
224467
224491
224501
224563
224579
224603
224669
224677
224699
224717
224797
224813
224891
224909
224947
225037
225061
225067
225077
225133
225149
225157
225221
225227
225299
225307
225341
225349
225371
225373
225427
225461
225493
225509
225581
225611
225629
225637
225683
225749
225779
225781
225931
225941
225949
226013
226027
226099
226123
226133
226141
226189
226283
226307
226357
226379
226381
226397
226427
226453
226547
226571
226637
226643
226669
226691
226741
226789
226843
226901
226907
227027
227053
227093
227147
227189
227267
227299
227363
227387
227419
227453
227459
227531
227533
227597
227603
227611
227627
227629
227651
227653
227693
227699
227707
227789
227797
227827
227869
227893
227947
227989
228013
228061
228077
228131
228139
228181
228197
228251
228299
228307
228331
228341
228419
228421
228427
228443
228451
228461
228509
228517
228539
228581
228587
228677
228707
228731
228733
228757
228773
228797
228829
228853
228869
228883
228923
228989
229003
229027
229037
229093
229123
229133
229139
229157
229171
229181
229189
229213
229253
229261
229283
229373
229403
229459
229469
229499
229547
229589
229613
229627
229637
229693
229717
229739
229763
229781
229819
229939
229949
229979
229981
230003
230059
230077
230117
230123
230189
230203
230213
230291
230309
230339
230357
230387
230453
230467
230501
230597
230611
230653
230683
230693
230771
230779
230819
230827
230861
230933
230939
230941
231019
231053
231107
231109
231131
231197
231269
231293
231299
231317
231347
231379
231419
231443
231461
231493
231533
231547
231563
231589
231677
231779
231859
231877
231893
231923
231947
232003
232013
232091
232109
232117
232187
232189
232259
232307
232357
232381
232451
232459
232499
232523
232549
232571
232597
232643
232709
232741
232811
232819
232853
232877
232891
232901
232907
232987
233021
233069
233083
233141
233173
233221
233251
233293
233323
233347
233357
233371
233419
233477
233509
233549
233557
233621
233669
233683
233693
233747
233837
233851
233861
233939
234029
234083
234131
234139
234149
234181
234187
234197
234203
234211
234259
234293
234317
234323
234331
234341
234461
234467
234539
234587
234589
234629
234653
234659
234749
234803
234811
234851
234869
234893
234917
234947
234989
235003
235013
235043
235051
235069
235091
235099
235171
235181
235211
235243
235307
235309
235349
235397
235493
235523
235541
235699
235723
235787
235789
235811
235813
235877
235901
235979
235997
236021
236053
236069
236077
236219
236261
236333
236339
236381
236387
236429
236461
236477
236507
236549
236563
236573
236627
236699
236701
236707
236723
236749
236779
236813
236867
236869
236891
236893
236909
236917
236981
237011
237019
237053
237157
237163
237173
237179
237203
237283
237301
237331
237373
237467
237509
237563
237571
237581
237683
237691
237707
237733
237749
237763
237781
237821
237851
237877
237901
237997
238019
238037
238093
238099
238109
238157
238163
238181
238229
238261
238291
238307
238363
238373
238397
238499
238531
238547
238627
238691
238709
238723
238781
238789
238829
238837
238853
238859
238877
238883
238939
238949
239027
239069
239147
239171
239179
239237
239243
239251
239333
239347
239357
239387
239389
239429
239509
239531
239557
239579
239587
239611
239699
239731
239779
239803
239843
239933
239947
239957
239963
240011
240059
240131
240139
240173
240197
240203
240259
240283
240341
240347
240379
240437
240491
240509
240587
240659
240677
240701
240707
240733
240797
240829
240853
240869
240883
240893
241013
241027
241037
241051
241061
241069
241093
241117
241229
241253
241259
241261
241291
241363
241453
241469
241517
241589
241603
241643
241667
241691
241739
241781
241811
241867
241877
241883
241907
241931
241939
241973
241979
242069
242093
242147
242173
242197
242227
242261
242309
242357
242371
242413
242419
242453
242483
242533
242603
242621
242629
242659
242731
242747
242773
242813
242819
242867
242923
242989
243011
243077
243091
243101
243109
243149
243197
243203
243227
243259
243403
243421
243437
243469
243517
243533
243539
243587
243589
243643
243707
243787
243829
243851
243917
243989
244043
244109
244243
244253
244333
244379
244403
244411
244451
244493
244507
244547
244589
244597
244619
244637
244667
244669
244733
244781
244787
244837
244859
244877
244939
244957
244997
245029
245083
245131
245149
245171
245173
245291
245299
245317
245339
245389
245411
245419
245437
245477
245501
245563
245621
245627
245629
245683
245723
245741
245747
245771
245789
245899
245909
245941
245963
245989
246011
246131
246133
246173
246187
246203
246251
246277
246317
246349
246371
246403
246469
246509
246523
246539
246557
246611
246613
246643
246683
246707
246731
246773
246787
246803
246899
246923
246931
246941
246947
246971
247067
247069
247099
247229
247259
247301
247309
247363
247421
247451
247501
247547
247579
247603
247613
247691
247717
247739
247781
247811
247813
247829
247901
247957
247997
248021
248077
248099
248117
248189
248243
248267
248291
248309
248317
248323
248357
248389
248461
248477
248483
248509
248579
248587
248597
248621
248627
248683
248701
248707
248723
248749
248779
248789
248797
248813
248827
248851
248861
248867
248869
248891
248893
248909
248981
248987
249037
249059
249107
249133
249253
249317
249341
249397
249419
249427
249437
249517
249533
249539
249541
249563
249589
249659
249677
249749
249763
249779
249797
249811
249827
249859
249923
249947
249989
250013
250037
250043
250091
250109
250123
250147
250253
250259
250267
250301
250307
250403
250451
250499
250501
250619
250643
250693
250709
250739
250787
250813
250829
250853
250867
250949
250963
250979
251003
251059
251099
251117
251149
251171
251179
251197
251203
251219
251261
251291
251347
251387
251429
251437
251443
251477
251483
251491
251533
251611
251621
251653
251677
251789
251843
251861
251893
251917
251939
251947
251971
252029
252037
252101
252157
252163
252173
252253
252277
252293
252419
252443
252509
252533
252541
252589
252611
252691
252779
252827
252829
252869
252877
252893
252899
252949
252971
252979
253003
253013
253109
253133
253157
253229
253307
253349
253427
253469
253493
253501
253507
253531
253573
253613
253637
253717
253733
253763
253787
253789
253811
253853
253901
253907
253949
254003
254021
254027
254053
254083
254141
254147
254179
254213
254291
254413
254437
254461
254557
254627
254659
254699
254741
254747
254773
254803
254899
254963
254971
254987
255043
255053
255077
255083
255107
255149
255173
255197
255251
255259
255349
255413
255419
255443
255467
255469
255499
255517
255523
255587
255589
255613
255637
255653
255659
255667
255803
255851
255869
255877
255907
255917
255923
255947
255989
256019
256021
256133
256147
256163
256181
256187
256189
256211
256301
256307
256349
256469
256483
256493
256499
256589
256603
256643
256651
256661
256699
256723
256757
256771
256877
256931
256939
256957
256981
257003
257053
257069
257093
257099
257107
257123
257141
257171
257219
257221
257339
257371
257437
257459
257501
257539
257611
257627
257717
257797
257837
257867
257869
257947
257981
257987
257989
258019
258061
258067
258107
258131
258157
258197
258211
258253
258283
258299
258317
258331
258373
258389
258403
258413
258421
258437
258443
258491
258499
258539
258563
258613
258637
258659
258677
258707
258763
258779
258803
258827
258917
258971
259019
259099
259157
259163
259211
259213
259219
259229
259277
259339
259379
259381
259397
259411
259421
259453
259499
259517
259547
259603
259619
259621
259627
259643
259667
259691
259723
259733
259771
259781
259829
259867
259907
259949
260003
260171
260179
260189
260213
260339
260387
260411
260413
260453
260461
260483
260539
260549
260573
260581
260587
260629
260651
260717
260723
260747
260861
260893
260987
261013
261059
261077
261251
261323
261347
261379
261389
261427
261467
261557
261563
261581
261587
261643
261707
261739
261773
261917
261973
262027
262051
262109
262133
262139
262147
262187
262253
262261
262349
262459
262469
262501
262541
262643
262651
262709
262723
262733
262739
262741
262747
262853
262877
262883
262901
262957
262981
263077
263083
263101
263171
263213
263227
263267
263269
263293
263323
263387
263429
263437
263443
263491
263573
263597
263611
263621
263651
263677
263723
263803
263819
263843
263867
263869
263909
263933
263957
264013
264029
264053
264059
264083
264101
264179
264211
264269
264323
264371
264437
264443
264581
264659
264739
264779
264787
264827
264829
264893
264899
264931
264949
264997
265003
265021
265037
265093
265117
265123
265157
265163
265339
265403
265427
265451
265459
265483
265493
265541
265547
265571
265613
265619
265621
265709
265739
265747
265757
265781
265787
265813
265819
265883
265891
265957
265987
266003
266027
266051
266053
266083
266093
266099
266117
266269
266293
266333
266381
266491
266549
266603
266683
266701
266797
266821
266837
266867
266909
266933
266947
266957
267037
267131
267139
267187
267203
267227
267259
267277
267299
267301
267307
267317
267389
267403
267413
267419
267451
267469
267493
267517
267523
267557
267587
267611
267613
267629
267637
267661
267677
267749
267781
267797
267803
267877
267893
267899
267901
267907
267941
268003
268013
268091
268123
268133
268189
268237
268253
268267
268283
268291
268403
268459
268493
268517
268547
268613
268637
268643
268661
268693
268733
268747
268757
268771
268789
268811
268813
268819
268843
268883
268909
268973
268979
268997
269029
269069
269141
269189
269219
269221
269237
269317
269333
269341
269387
269389
269413
269429
269461
269539
269573
269579
269597
269651
269723
269741
269749
269779
269851
269891
269939
269987
270059
270131
270133
270157
270163
270269
270299
270323
270371
270437
270443
270451
270461
270509
270539
270547
270563
270587
270653
270659
270667
270701
270709
270749
270763
270797
270821
270859
270899
270923
270973
271003
271013
271021
271043
271067
271109
271163
271181
271253
271277
271363
271451
271483
271499
271517
271571
271597
271603
271619
271637
271651
271693
271787
271811
271829
271861
271867
271981
272003
272029
272059
272093
272131
272171
272179
272189
272203
272227
272267
272269
272299
272317
272333
272381
272411
272453
272477
272507
272549
272563
272603
272621
272651
272659
272683
272693
272717
272771
272813
272917
272933
272971
272981
273029
273043
273059
273061
273067
273083
273107
273131
273149
273181
273187
273269
273283
273323
273349
273517
273613
273629
273653
273709
273739
273773
273787
273797
273803
273821
273827
273899
273901
273941
273971
273979
273997
274019
274061
274069
274093
274117
274123
274139
274147
274163
274187
274237
274243
274259
274277
274283
274333
274349
274403
274453
274517
274579
274667
274693
274723
274739
274787
274811
274829
274837
274843
274853
274861
274909
274931
274957
274973
275003
275027
275083
275131
275147
275227
275269
275299
275309
275339
275357
275389
275453
275459
275531
275549
275573
275579
275581
275651
275669
275677
275699
275741
275773
275813
275837
275917
275923
275939
275963
275981
275987
276011
276019
276043
276083
276173
276277
276293
276323
276371
276373
276389
276443
276461
276467
276517
276557
276581
276587
276629
276637
276707
276739
276779
276821
276827
276869
276883
276901
276917
276949
277021
277051
277099
277157
277163
277213
277259
277301
277331
277373
277421
277427
277429
277493
277499
277547
277549
277579
277597
277603
277637
277643
277741
277757
277787
277813
277829
277883
277891
278029
278051
278123
278147
278149
278219
278237
278261
278363
278387
278437
278459
278491
278501
278549
278557
278627
278651
278717
278813
278819
278827
278843
278891
278909
278917
278947
279029
279109
279173
279179
279187
279203
279269
279317
279397
279421
279443
279451
279541
279557
279571
279613
279619
279637
279659
279707
279731
279779
279883
279941
280013
280037
280061
280099
280139
280187
280229
280253
280277
280373
280411
280499
280541
280589
280603
280613
280627
280699
280717
280811
280837
280843
280859
280949
280963
280979
280997
281053
281069
281117
281131
281189
281227
281243
281291
281317
281339
281357
281363
281381
281419
281429
281531
281539
281549
281557
281563
281579
281581
281621
281627
281653
281669
281683
281717
281747
281803
281837
281867
281893
281933
281947
281971
281989
282011
282019
282053
282157
282229
282299
282349
282389
282413
282461
282493
282563
282571
282677
282683
282707
282773
282797
282827
282851
282869
282917
282973
283027
283099
283133
283139
283163
283181
283211
283277
283397
283411
283501
283541
283571
283573
283579
283637
283669
283741
283763
283771
283813
283837
283859
283909
283979
284003
284051
284059
284093
284117
284149
284173
284237
284243
284261
284267
284269
284293
284341
284357
284387
284429
284467
284477
284483
284507
284539
284573
284587
284651
284659
284701
284707
284723
284747
284803
284813
284819
284899
284917
284957
285101
285179
285221
285227
285251
285283
285317
285469
285517
285533
285539
285557
285611
285613
285629
285667
285707
285709
285731
285749
285763
285773
285827
286019
286043
286061
286163
286171
286301
286381
286397
286411
286421
286427
286453
286469
286493
286499
286541
286547
286589
286613
286619
286733
286763
286771
286813
286859
286973
286987
287003
287059
287093
287099
287107
287117
287141
287179
287219
287237
287269
287291
287333
287341
287387
287437
287501
287549
287557
287579
287597
287669
287747
287789
287813
287821
287867
287933
287939
288053
288061
288077
288109
288179
288203
288227
288293
288307
288317
288349
288389
288413
288461
288467
288499
288539
288571
288653
288683
288731
288733
288773
288803
288851
288907
288947
288973
288979
288997
289019
289109
289139
289141
289171
289181
289243
289253
289283
289291
289309
289349
289397
289453
289469
289477
289573
289589
289603
289637
289643
289669
289717
289733
289741
289763
289843
289853
289859
289957
289973
289987
290021
290027
290107
290141
290189
290219
290243
290419
290429
290443
290509
290531
290533
290557
290597
290611
290621
290627
290659
290669
290701
290707
290821
290861
290869
290923
290963
290971
290987
291037
291043
291077
291101
291107
291293
291299
291371
291373
291419
291437
291443
291491
291509
291539
291563
291619
291661
291677
291691
291701
291779
291829
291853
291869
291877
291899
291923
292021
292037
292091
292093
292133
292147
292157
292181
292283
292301
292309
292363
292381
292427
292477
292483
292531
292541
292549
292627
292661
292667
292693
292709
292867
292933
292973
292979
293093
293123
293147
293179
293213
293269
293339
293357
293413
293453
293459
293467
293483
293507
293603
293621
293659
293701
293717
293723
293803
293827
293861
293893
293957
293989
294029
294053
294059
294131
294149
294157
294179
294181
294227
294251
294269
294293
294317
294341
294347
294397
294403
294461
294467
294499
294509
294563
294629
294659
294731
294773
294781
294787
294803
294821
294829
294859
294869
294947
294949
294979
294989
294997
295037
295123
295237
295259
295277
295283
295291
295333
295357
295517
295541
295571
295699
295787
295819
295837
295843
295853
295861
295877
295909
295949
295973
296011
296027
296083
296099
296117
296213
296221
296237
296243
296251
296269
296299
296477
296563
296579
296581
296587
296627
296669
296683
296693
296741
296749
296771
296773
296797
296819
296827
296843
296909
296981
296987
297019
297061
297067
297083
297251
297317
297397
297403
297421
297467
297469
297509
297523
297533
297581
297589
297613
297629
297659
297707
297757
297779
297797
297893
297907
297971
297989
298013
298021
298043
298099
298157
298171
298187
298211
298307
298339
298349
298373
298411
298427
298451
298477
298589
298651
298667
298691
298709
298723
298733
298819
298853
299011
299029
299053
299099
299147
299179
299213
299261
299333
299357
299363
299389
299419
299477
299539
299603
299653
299683
299699
299701
299723
299731
299749
299771
299843
299861
299909
299933
300043
300149
300163
300187
300221
300277
300299
300301
300317
300323
300347
300397
300413
300427
300491
300493
300557
300581
300589
300661
300667
300683
300739
300757
300779
300787
300821
300851
300869
300877
300893
300931
300973
300997
301013
301141
301219
301237
301243
301267
301331
301349
301363
301381
301403
301493
301501
301531
301619
301643
301669
301747
301789
301843
301867
301877
301901
301907
301949
301979
301997
302053
302123
302171
302173
302189
302213
302227
302429
302483
302507
302563
302573
302579
302587
302629
302723
302779
302837
302843
302851
302891
302909
303011
303013
303029
303053
303091
303139
303157
303187
303293
303299
303307
303323
303341
303371
303379
303389
303469
303539
303547
303581
303587
303613
303619
303643
303683
303731
303749
303781
303803
303827
303859
303907
303917
304013
304067
304069
304099
304163
304211
304253
304259
304301
304331
304349
304373
304411
304429
304517
304523
304541
304643
304709
304739
304757
304763
304789
304813
304883
304901
304907
304949
304981
305021
305069
305093
305147
305219
305237
305243
305267
305339
305363
305413
305477
305483
305563
305597
305603
305611
305621
305717
305741
305771
305861
305867
305933
305947
305971
306011
306029
306083
306091
306149
306253
306259
306331
306347
306349
306389
306419
306421
306437
306491
306517
306533
306541
306563
306589
306643
306653
306661
306701
306707
306739
306749
306821
306827
306877
306883
306893
306899
306941
306947
306949
307019
307067
307091
307147
307163
307171
307187
307243
307253
307259
307261
307267
307277
307283
307301
307339
307381
307523
307589
307627
307669
307691
307733
307859
307939
308003
308027
308051
308093
308117
308213
308219
308291
308293
308309
308317
308333
308411
308437
308467
308501
308507
308573
308587
308597
308723
308827
308899
308923
308933
308939
308989
309011
309013
309019
309059
309083
309091
309107
309109
309131
309157
309173
309251
309259
309269
309277
309293
309317
309371
309403
309437
309461
309493
309539
309629
309637
309667
309677
309707
309731
309779
309781
309797
309851
309853
309877
309899
309989
310019
310027
310091